%YAML:1.0
---
# Calibration file generated on 2021-03-11 10:40:31 with calibration flags +use_intrinsic_guess+zero_tangent_dist+rational_model+thin_prism_model+tilted_model+same_focal_length
reprojection_error: 2.2940387424632372e-01
epipolar_error: 2.0828671840866275e-01
image_width: 640
image_height: 400
left_camera_matrix: !!opencv-matrix
   rows: 3
   cols: 3
   dt: d
   data: [ 4.5170921240553400e+02, 0., 3.1923319449404312e+02, 0.,
       4.5163287909672988e+02, 2.0057474990578933e+02, 0., 0., 1. ]
left_distortion_coefficients: !!opencv-matrix
   rows: 1
   cols: 14
   dt: d
   data: [ -9.8258057801827947e-01, 6.2053981760251364e+00, 0., 0.,
       -1.0930268604174682e+01, -1.0309380967886368e+00,
       6.2408489964972622e+00, -1.0864091856162695e+01,
       -1.5021609656293202e-03, 2.3232845323430842e-04,
       4.1190235318913446e-03, -4.0771613734657680e-03,
       1.7851359731182289e-02, -9.5199839066061245e-03 ]
right_camera_matrix: !!opencv-matrix
   rows: 3
   cols: 3
   dt: d
   data: [ 4.5170921240553400e+02, 0., 3.2693671165799265e+02, 0.,
       4.5163287909672988e+02, 2.0366675912954045e+02, 0., 0., 1. ]
right_distortion_coefficients: !!opencv-matrix
   rows: 1
   cols: 14
   dt: d
   data: [ 1.6693431926688067e+01, 4.3101457069175140e+01, 0., 0.,
       -8.0507227734482427e+01, 1.6654531717037660e+01,
       4.1798072595453149e+01, -7.8709302745204326e+01,
       -1.1603257743044886e-03, -3.1450476383343539e-03,
       2.3021376661782737e-03, -1.6541756919943339e-03,
       1.5847543986588650e-02, -1.1192739725301843e-02 ]
R: !!opencv-matrix
   rows: 3
   cols: 3
   dt: d
   data: [ 9.9979592737560297e-01, 2.0125734624369073e-02,
       -1.7488307486392424e-03, -2.0122919376278647e-02,
       9.9979621281978315e-01, 1.6127451735240795e-03,
       1.7809320407313816e-03, -1.5772244762264070e-03,
       9.9999717031800539e-01 ]
T: !!opencv-matrix
   rows: 3
   cols: 1
   dt: d
   data: [ -4.0251898971815553e-02, 7.4758483030762336e-04,
       -5.3611288443684781e-04 ]
E: !!opencv-matrix
   rows: 3
   cols: 3
   dt: d
   data: [ -9.4567585726473008e-06, 5.3482452241143371e-04,
       7.4844732834712917e-04, -4.6431758189435888e-04,
       -7.4275945913821083e-05, 4.0252722642438829e-02,
       6.2553449042614665e-05, -4.0258741844729690e-02,
       -6.3608656453516171e-05 ]
F: !!opencv-matrix
   rows: 3
   cols: 3
   dt: d
   data: [ 5.0475526219268834e-08, -2.8551127411736561e-06,
       -1.2479576570852970e-03, 2.4787177634268955e-06,
       3.9658249256212310e-07, -9.7936615660717929e-02,
       -6.7215118292034484e-04, 9.7932967495874074e-02, 1. ]
